3499.34662	0.00107
3497.41811	0.00112
3495.48960	0.00200
3493.56109	0.00272
3491.63258	0.00382
3489.70407	0.00443
3487.77556	0.00383
3485.84705	0.00244
3483.91854	0.00137
3481.99003	0.00191
3480.06152	0.00275
3478.13301	0.00299
3476.20450	0.00225
3474.27599	0.00079
3472.34748	0.00123
3470.41898	0.00179
3468.49047	0.00225
3466.56196	0.00286
3464.63345	0.00299
3462.70494	0.00257
3460.77643	0.00191
3458.84792	0.00140
3456.91941	0.00154
3454.99090	0.00163
3453.06239	0.00156
3451.13388	0.00159
3449.20537	0.00097
3447.27686	0.00091
3445.34835	0.00170
3443.41984	0.00216
3441.49133	0.00241
3439.56282	0.00267
3437.63431	0.00265
3435.70580	0.00228
3433.77730	0.00202
3431.84879	0.00209
3429.92028	0.00279
3427.99177	0.00390
3426.06326	0.00443
3424.13475	0.00389
3422.20624	0.00307
3420.27773	0.00262
3418.34922	0.00259
3416.42071	0.00299
3414.49220	0.00390
3412.56369	0.00453
3410.63518	0.00451
3408.70667	0.00371
3406.77816	0.00296
3404.84965	0.00309
3402.92114	0.00342
3400.99263	0.00341
3399.06413	0.00388
3397.13562	0.00391
3395.20711	0.00345
3393.27860	0.00363
3391.35009	0.00400
3389.42158	0.00437
3387.49307	0.00437
3385.56456	0.00375
3383.63605	0.00351
3381.70754	0.00391
3379.77903	0.00444
3377.85052	0.00499
3375.92201	0.00517
3373.99350	0.00455
3372.06499	0.00379
3370.13648	0.00405
3368.20797	0.00519
3366.27946	0.00619
3364.35096	0.00658
3362.42245	0.00667
3360.49394	0.00638
3358.56543	0.00492
3356.63692	0.00322
3354.70841	0.00318
3352.77990	0.00446
3350.85139	0.00561
3348.92288	0.00564
3346.99437	0.00475
3345.06586	0.00399
3343.13735	0.00425
3341.20884	0.00554
3339.28033	0.00700
3337.35182	0.00771
3335.42331	0.00704
3333.49480	0.00581
3331.56629	0.00537
3329.63779	0.00595
3327.70928	0.00687
3325.78077	0.00760
3323.85226	0.00800
3321.92375	0.00771
3319.99524	0.00678
3318.06673	0.00600
3316.13822	0.00578
3314.20971	0.00611
3312.28120	0.00654
3310.35269	0.00697
3308.42418	0.00734
3306.49567	0.00725
3304.56716	0.00711
3302.63865	0.00749
3300.71014	0.00816
3298.78163	0.00827
3296.85312	0.00738
3294.92462	0.00622
3292.99611	0.00568
3291.06760	0.00622
3289.13909	0.00726
3287.21058	0.00787
3285.28207	0.00752
3283.35356	0.00650
3281.42505	0.00579
3279.49654	0.00617
3277.56803	0.00750
3275.63952	0.00861
3273.71101	0.00890
3271.78250	0.00907
3269.85399	0.00957
3267.92548	0.00983
3265.99697	0.00982
3264.06846	0.01020
3262.13995	0.01079
3260.21145	0.01057
3258.28294	0.00933
3256.35443	0.00818
3254.42592	0.00805
3252.49741	0.00883
3250.56890	0.00980
3248.64039	0.01009
3246.71188	0.00954
3244.78337	0.00878
3242.85486	0.00853
3240.92635	0.00910
3238.99784	0.01000
3237.06933	0.01068
3235.14082	0.01114
3233.21231	0.01150
3231.28380	0.01155
3229.35529	0.01120
3227.42678	0.01090
3225.49828	0.01132
3223.56977	0.01231
3221.64126	0.01276
3219.71275	0.01218
3217.78424	0.01127
3215.85573	0.01070
3213.92722	0.01090
3211.99871	0.01169
3210.07020	0.01252
3208.14169	0.01305
3206.21318	0.01303
3204.28467	0.01249
3202.35616	0.01193
3200.42765	0.01167
3198.49914	0.01154
3196.57063	0.01153
3194.64212	0.01141
3192.71361	0.01099
3190.78511	0.01060
3188.85660	0.01062
3186.92809	0.01116
3184.99958	0.01173
3183.07107	0.01195
3181.14256	0.01207
3179.21405	0.01216
3177.28554	0.01202
3175.35703	0.01187
3173.42852	0.01208
3171.50001	0.01246
3169.57150	0.01255
3167.64299	0.01224
3165.71448	0.01170
3163.78597	0.01132
3161.85746	0.01144
3159.92895	0.01169
3158.00044	0.01143
3156.07193	0.01068
3154.14343	0.01016
3152.21492	0.01038
3150.28641	0.01128
3148.35790	0.01239
3146.42939	0.01315
3144.50088	0.01334
3142.57237	0.01314
3140.64386	0.01261
3138.71535	0.01201
3136.78684	0.01219
3134.85833	0.01316
3132.92982	0.01398
3131.00131	0.01415
3129.07280	0.01408
3127.14429	0.01388
3125.21578	0.01346
3123.28727	0.01321
3121.35876	0.01348
3119.43026	0.01392
3117.50175	0.01396
3115.57324	0.01387
3113.64473	0.01418
3111.71622	0.01484
3109.78771	0.01531
3107.85920	0.01533
3105.93069	0.01516
3104.00218	0.01481
3102.07367	0.01393
3100.14516	0.01262
3098.21665	0.01175
3096.28814	0.01211
3094.35963	0.01298
3092.43112	0.01308
3090.50261	0.01287
3088.57410	0.01341
3086.64559	0.01449
3084.71709	0.01529
3082.78858	0.01578
3080.86007	0.01568
3078.93156	0.01467
3077.00305	0.01344
3075.07454	0.01305
3073.14603	0.01339
3071.21752	0.01385
3069.28901	0.01442
3067.36050	0.01496
3065.43199	0.01479
3063.50348	0.01378
3061.57497	0.01266
3059.64646	0.01225
3057.71795	0.01274
3055.78944	0.01372
3053.86093	0.01459
3051.93242	0.01494
3050.00392	0.01499
3048.07541	0.01506
3046.14690	0.01511
3044.21839	0.01520
3042.28988	0.01514
3040.36137	0.01455
3038.43286	0.01356
3036.50435	0.01300
3034.57584	0.01348
3032.64733	0.01480
3030.71882	0.01556
3028.79031	0.01482
3026.86180	0.01364
3024.93329	0.01344
3023.00478	0.01404
3021.07627	0.01461
3019.14776	0.01480
3017.21925	0.01501
3015.29075	0.01495
3013.36224	0.01417
3011.43373	0.01343
3009.50522	0.01373
3007.57671	0.01455
3005.64820	0.01484
3003.71969	0.01478
3001.79118	0.01500
2999.86267	0.01556
2997.93416	0.01616
2996.00565	0.01679
2994.07714	0.01725
2992.14863	0.01730
2990.22012	0.01723
2988.29161	0.01704
2986.36310	0.01650
2984.43459	0.01598
2982.50608	0.01614
2980.57758	0.01675
2978.64907	0.01705
2976.72056	0.01672
2974.79205	0.01625
2972.86354	0.01616
2970.93503	0.01605
2969.00652	0.01567
2967.07801	0.01560
2965.14950	0.01618
2963.22099	0.01678
2961.29248	0.01670
2959.36397	0.01629
2957.43546	0.01642
2955.50695	0.01715
2953.57844	0.01790
2951.64993	0.01826
2949.72142	0.01821
2947.79291	0.01807
2945.86441	0.01809
2943.93590	0.01827
2942.00739	0.01875
2940.07888	0.01957
2938.15037	0.01991
2936.22186	0.01882
2934.29335	0.01658
2932.36484	0.01483
2930.43633	0.01524
2928.50782	0.01724
2926.57931	0.01874
2924.65080	0.01884
2922.72229	0.01826
2920.79378	0.01794
2918.86527	0.01807
2916.93676	0.01828
2915.00825	0.01836
2913.07974	0.01836
2911.15124	0.01812
2909.22273	0.01754
2907.29422	0.01710
2905.36571	0.01736
2903.43720	0.01819
2901.50869	0.01888
2899.58018	0.01889
2897.65167	0.01840
2895.72316	0.01795
2893.79465	0.01795
2891.86614	0.01845
2889.93763	0.01900
2888.00912	0.01895
2886.08061	0.01812
2884.15210	0.01739
2882.22359	0.01780
2880.29508	0.01888
2878.36657	0.01940
2876.43806	0.01901
2874.50956	0.01811
2872.58105	0.01740
2870.65254	0.01727
2868.72403	0.01775
2866.79552	0.01860
2864.86701	0.01915
2862.93850	0.01908
2861.00999	0.01892
2859.08148	0.01903
2857.15297	0.01926
2855.22446	0.01956
2853.29595	0.01994
2851.36744	0.02010
2849.43893	0.01996
2847.51042	0.01966
2845.58191	0.01926
2843.65340	0.01924
2841.72489	0.02004
2839.79639	0.02112
2837.86788	0.02175
2835.93937	0.02177
2834.01086	0.02092
2832.08235	0.01919
2830.15384	0.01763
2828.22533	0.01721
2826.29682	0.01764
2824.36831	0.01810
2822.43980	0.01827
2820.51129	0.01830
2818.58278	0.01846
2816.65427	0.01896
2814.72576	0.01966
2812.79725	0.02026
2810.86874	0.02075
2808.94023	0.02096
2807.01172	0.02065
2805.08322	0.01998
2803.15471	0.01936
2801.22620	0.01913
2799.29769	0.01943
2797.36918	0.02007
2795.44067	0.02048
2793.51216	0.02019
2791.58365	0.01952
2789.65514	0.01943
2787.72663	0.02021
2785.79812	0.02112
2783.86961	0.02152
2781.94110	0.02142
2780.01259	0.02117
2778.08408	0.02123
2776.15557	0.02184
2774.22706	0.02269
2772.29855	0.02314
2770.37005	0.02278
2768.44154	0.02174
2766.51303	0.02033
2764.58452	0.01913
2762.65601	0.01914
2760.72750	0.02061
2758.79899	0.02204
2756.87048	0.02182
2754.94197	0.02053
2753.01346	0.01993
2751.08495	0.02055
2749.15644	0.02147
2747.22793	0.02176
2745.29942	0.02160
2743.37091	0.02172
2741.44240	0.02238
2739.51389	0.02319
2737.58538	0.02348
2735.65688	0.02302
2733.72837	0.02216
2731.79986	0.02122
2729.87135	0.02026
2727.94284	0.01948
2726.01433	0.01927
2724.08582	0.01960
2722.15731	0.02004
2720.22880	0.02038
2718.30029	0.02057
2716.37178	0.02089
2714.44327	0.02175
2712.51476	0.02280
2710.58625	0.02312
2708.65774	0.02280
2706.72923	0.02270
2704.80072	0.02307
2702.87221	0.02357
2700.94371	0.02416
2699.01520	0.02472
2697.08669	0.02480
2695.15818	0.02444
2693.22967	0.02398
2691.30116	0.02321
2689.37265	0.02198
2687.44414	0.02120
2685.51563	0.02167
2683.58712	0.02269
2681.65861	0.02313
2679.73010	0.02298
2677.80159	0.02289
2675.87308	0.02305
2673.94457	0.02339
2672.01606	0.02391
2670.08755	0.02426
2668.15904	0.02384
2666.23054	0.02290
2664.30203	0.02249
2662.37352	0.02297
2660.44501	0.02371
2658.51650	0.02393
2656.58799	0.02363
2654.65948	0.02314
2652.73097	0.02263
2650.80246	0.02222
2648.87395	0.02201
2646.94544	0.02221
2645.01693	0.02289
2643.08842	0.02358
2641.15991	0.02391
2639.23140	0.02381
2637.30289	0.02350
2635.37438	0.02351
2633.44587	0.02405
2631.51737	0.02473
2629.58886	0.02484
2627.66035	0.02408
2625.73184	0.02328
2623.80333	0.02335
2621.87482	0.02393
2619.94631	0.02420
2618.01780	0.02413
2616.08929	0.02397
2614.16078	0.02384
2612.23227	0.02371
2610.30376	0.02360
2608.37525	0.02365
2606.44674	0.02394
2604.51823	0.02431
2602.58972	0.02444
2600.66121	0.02414
2598.73270	0.02377
2596.80419	0.02396
2594.87569	0.02462
2592.94718	0.02487
2591.01867	0.02439
2589.09016	0.02399
2587.16165	0.02437
2585.23314	0.02522
2583.30463	0.02600
2581.37612	0.02650
2579.44761	0.02649
2577.51910	0.02578
2575.59059	0.02479
2573.66208	0.02417
2571.73357	0.02393
2569.80506	0.02390
2567.87655	0.02426
2565.94804	0.02479
2564.01953	0.02499
2562.09102	0.02498
2560.16252	0.02508
2558.23401	0.02505
2556.30550	0.02454
2554.37699	0.02383
2552.44848	0.02347
2550.51997	0.02337
2548.59146	0.02319
2546.66295	0.02303
2544.73444	0.02328
2542.80593	0.02395
2540.87742	0.02462
2538.94891	0.02480
2537.02040	0.02443
2535.09189	0.02395
2533.16338	0.02409
2531.23487	0.02507
2529.30636	0.02609
2527.37785	0.02622
2525.44935	0.02554
2523.52084	0.02490
2521.59233	0.02497
2519.66382	0.02555
2517.73531	0.02589
2515.80680	0.02563
2513.87829	0.02496
2511.94978	0.02429
2510.02127	0.02396
2508.09276	0.02387
2506.16425	0.02363
2504.23574	0.02336
2502.30723	0.02339
2500.37872	0.02373
2498.45021	0.02434
2496.52170	0.02504
2494.59319	0.02546
2492.66468	0.02564
2490.73618	0.02568
2488.80767	0.02518
2486.87916	0.02422
2484.95065	0.02372
2483.02214	0.02417
2481.09363	0.02498
2479.16512	0.02543
2477.23661	0.02550
2475.30810	0.02532
2473.37959	0.02492
2471.45108	0.02442
2469.52257	0.02411
2467.59406	0.02423
2465.66555	0.02465
2463.73704	0.02490
2461.80853	0.02466
2459.88002	0.02401
2457.95151	0.02319
2456.02301	0.02261
2454.09450	0.02266
2452.16599	0.02319
2450.23748	0.02350
2448.30897	0.02341
2446.38046	0.02333
2444.45195	0.02337
2442.52344	0.02351
2440.59493	0.02398
2438.66642	0.02471
2436.73791	0.02519
2434.80940	0.02513
2432.88089	0.02492
2430.95238	0.02493
2429.02387	0.02523
2427.09536	0.02567
2425.16685	0.02573
2423.23834	0.02499
2421.30984	0.02382
2419.38133	0.02327
2417.45282	0.02391
2415.52431	0.02527
2413.59580	0.02645
2411.66729	0.02680
2409.73878	0.02621
2407.81027	0.02510
2405.88176	0.02419
2403.95325	0.02420
2402.02474	0.02505
2400.09623	0.02583
2398.16772	0.02590
2396.23921	0.02537
2394.31070	0.02473
2392.38219	0.02444
2390.45368	0.02462
2388.52517	0.02485
2386.59667	0.02459
2384.66816	0.02368
2382.73965	0.02242
2380.81114	0.02157
2378.88263	0.02162
2376.95412	0.02231
2375.02561	0.02298
2373.09710	0.02315
2371.16859	0.02294
2369.24008	0.02266
2367.31157	0.02261
2365.38306	0.02327
2363.45455	0.02482
2361.52604	0.02626
2359.59753	0.02621
2357.66902	0.02481
2355.74051	0.02356
2353.81200	0.02334
2351.88350	0.02381
2349.95499	0.02439
2348.02648	0.02458
2346.09797	0.02420
2344.16946	0.02357
2342.24095	0.02330
2340.31244	0.02356
2338.38393	0.02385
2336.45542	0.02380
2334.52691	0.02354
2332.59840	0.02329
2330.66989	0.02336
2328.74138	0.02389
2326.81287	0.02443
2324.88436	0.02459
2322.95585	0.02449
2321.02734	0.02452
2319.09883	0.02486
2317.17032	0.02512
2315.24182	0.02479
2313.31331	0.02409
2311.38480	0.02375
2309.45629	0.02376
2307.52778	0.02359
2305.59927	0.02302
2303.67076	0.02246
2301.74225	0.02241
2299.81374	0.02292
2297.88523	0.02357
2295.95672	0.02398
2294.02821	0.02384
2292.09970	0.02310
2290.17119	0.02220
2288.24268	0.02185
2286.31417	0.02232
2284.38566	0.02303
2282.45715	0.02302
2280.52865	0.02177
2278.60014	0.02035
2276.67163	0.02059
2274.74312	0.02240
2272.81461	0.02420
2270.88610	0.02486
2268.95759	0.02444
2267.02908	0.02368
2265.10057	0.02322
2263.17206	0.02300
2261.24355	0.02252
2259.31504	0.02170
2257.38653	0.02095
2255.45802	0.02071
2253.52951	0.02133
2251.60100	0.02270
2249.67249	0.02426
2247.74398	0.02531
2245.81548	0.02566
2243.88697	0.02575
2241.95846	0.02584
2240.02995	0.02560
2238.10144	0.02487
2236.17293	0.02421
2234.24442	0.02426
2232.31591	0.02478
2230.38740	0.02496
2228.45889	0.02447
2226.53038	0.02386
2224.60187	0.02385
2222.67336	0.02444
2220.74485	0.02510
2218.81634	0.02544
2216.88783	0.02503
2214.95932	0.02406
2213.03081	0.02363
2211.10231	0.02428
2209.17380	0.02526
2207.24529	0.02582
2205.31678	0.02594
2203.38827	0.02588
2201.45976	0.02598
2199.53125	0.02651
2197.60274	0.02720
2195.67423	0.02713
2193.74572	0.02585
2191.81721	0.02433
2189.88870	0.02389
2187.96019	0.02445
2186.03168	0.02505
2184.10317	0.02543
2182.17466	0.02571
2180.24615	0.02565
2178.31764	0.02522
2176.38914	0.02499
2174.46063	0.02537
2172.53212	0.02594
2170.60361	0.02616
2168.67510	0.02594
2166.74659	0.02516
2164.81808	0.02390
2162.88957	0.02323
2160.96106	0.02391
2159.03255	0.02499
2157.10404	0.02521
2155.17553	0.02455
2153.24702	0.02386
2151.31851	0.02407
2149.39000	0.02538
2147.46149	0.02708
2145.53298	0.02819
2143.60447	0.02824
2141.67597	0.02781
2139.74746	0.02753
2137.81895	0.02727
2135.89044	0.02691
2133.96193	0.02680
2132.03342	0.02704
2130.10491	0.02721
2128.17640	0.02725
2126.24789	0.02750
2124.31938	0.02756
2122.39087	0.02699
2120.46236	0.02665
2118.53385	0.02716
2116.60534	0.02773
2114.67683	0.02758
2112.74832	0.02670
2110.81981	0.02561
2108.89130	0.02527
2106.96280	0.02593
2105.03429	0.02643
2103.10578	0.02597
2101.17727	0.02537
2099.24876	0.02564
2097.32025	0.02649
2095.39174	0.02713
2093.46323	0.02724
2091.53472	0.02678
2089.60621	0.02610
2087.67770	0.02551
2085.74919	0.02483
2083.82068	0.02422
2081.89217	0.02467
2079.96366	0.02628
2078.03515	0.02782
2076.10664	0.02823
2074.17813	0.02746
2072.24963	0.02615
2070.32112	0.02500
2068.39261	0.02465
2066.46410	0.02533
2064.53559	0.02643
2062.60708	0.02705
2060.67857	0.02678
2058.75006	0.02588
2056.82155	0.02484
2054.89304	0.02418
2052.96453	0.02410
2051.03602	0.02442
2049.10751	0.02487
2047.17900	0.02548
2045.25049	0.02627
2043.32198	0.02660
2041.39347	0.02622
2039.46496	0.02613
2037.53645	0.02659
2035.60795	0.02684
2033.67944	0.02691
2031.75093	0.02739
2029.82242	0.02828
2027.89391	0.02907
2025.96540	0.02915
2024.03689	0.02824
2022.10838	0.02714
2020.17987	0.02724
2018.25136	0.02855
2016.32285	0.02942
2014.39434	0.02891
2012.46583	0.02793
2010.53732	0.02765
2008.60881	0.02810
2006.68030	0.02846
2004.75179	0.02831
2002.82328	0.02807
2000.89478	0.02817
1998.96627	0.02836
1997.03776	0.02834
1995.10925	0.02843
1993.18074	0.02902
1991.25223	0.02980
1989.32372	0.03021
1987.39521	0.03008
1985.46670	0.02933
1983.53819	0.02810
1981.60968	0.02716
1979.68117	0.02715
1977.75266	0.02778
1975.82415	0.02834
1973.89564	0.02852
1971.96713	0.02862
1970.03862	0.02903
1968.11011	0.02962
1966.18161	0.02996
1964.25310	0.02960
1962.32459	0.02873
1960.39608	0.02838
1958.46757	0.02904
1956.53906	0.02996
1954.61055	0.03018
1952.68204	0.02968
1950.75353	0.02915
1948.82502	0.02919
1946.89651	0.02979
1944.96800	0.03065
1943.03949	0.03140
1941.11098	0.03173
1939.18247	0.03160
1937.25396	0.03116
1935.32545	0.03035
1933.39694	0.02916
1931.46844	0.02820
1929.53993	0.02835
1927.61142	0.02958
1925.68291	0.03072
1923.75440	0.03067
1921.82589	0.02963
1919.89738	0.02882
1917.96887	0.02919
1916.04036	0.03061
1914.11185	0.03191
1912.18334	0.03193
1910.25483	0.03080
1908.32632	0.02969
1906.39781	0.02938
1904.46930	0.02969
1902.54079	0.03020
1900.61228	0.03064
1898.68377	0.03060
1896.75527	0.03002
1894.82676	0.02947
1892.89825	0.02944
1890.96974	0.02989
1889.04123	0.03054
1887.11272	0.03107
1885.18421	0.03113
1883.25570	0.03071
1881.32719	0.03041
1879.39868	0.03056
1877.47017	0.03104
1875.54166	0.03170
1873.61315	0.03216
1871.68464	0.03210
1869.75613	0.03164
1867.82762	0.03099
1865.89911	0.03031
1863.97060	0.02984
1862.04210	0.02960
1860.11359	0.02913
1858.18508	0.02839
1856.25657	0.02832
1854.32806	0.02957
1852.39955	0.03134
1850.47104	0.03234
1848.54253	0.03232
1846.61402	0.03181
1844.68551	0.03109
1842.75700	0.03031
1840.82849	0.03003
1838.89998	0.03058
1836.97147	0.03154
1835.04296	0.03191
1833.11445	0.03132
1831.18594	0.03056
1829.25743	0.03041
1827.32893	0.03085
1825.40042	0.03148
1823.47191	0.03190
1821.54340	0.03170
1819.61489	0.03082
1817.68638	0.02991
1815.75787	0.02955
1813.82936	0.02981
1811.90085	0.03052
1809.97234	0.03134
1808.04383	0.03166
1806.11532	0.03120
1804.18681	0.03053
1802.25830	0.03050
1800.32979	0.03103
1798.40128	0.03102
1796.47277	0.03009
1794.54426	0.02937
1792.61576	0.02936
1790.68725	0.02929
1788.75874	0.02895
1786.83023	0.02901
1784.90172	0.02975
1782.97321	0.03063
1781.04470	0.03100
1779.11619	0.03087
1777.18768	0.03078
1775.25917	0.03118
1773.33066	0.03185
1771.40215	0.03205
1769.47364	0.03148
1767.54513	0.03069
1765.61662	0.03035
1763.68811	0.03073
1761.75960	0.03147
1759.83109	0.03165
1757.90258	0.03100
1755.97408	0.03036
1754.04557	0.03054
1752.11706	0.03129
1750.18855	0.03189
1748.26004	0.03214
1746.33153	0.03205
1744.40302	0.03163
1742.47451	0.03099
1740.54600	0.03050
1738.61749	0.03065
1736.68898	0.03163
1734.76047	0.03294
1732.83196	0.03353
1730.90345	0.03281
1728.97494	0.03142
1727.04643	0.03056
1725.11792	0.03065
1723.18941	0.03091
1721.26091	0.03077
1719.33240	0.03041
1717.40389	0.03025
1715.47538	0.03056
1713.54687	0.03116
1711.61836	0.03154
1709.68985	0.03170
1707.76134	0.03194
1705.83283	0.03214
1703.90432	0.03202
1701.97581	0.03179
1700.04730	0.03202
1698.11879	0.03271
1696.19028	0.03299
1694.26177	0.03236
1692.33326	0.03153
1690.40475	0.03126
1688.47624	0.03122
1686.54774	0.03102
1684.61923	0.03098
1682.69072	0.03109
1680.76221	0.03088
1678.83370	0.03032
1676.90519	0.03002
1674.97668	0.03039
1673.04817	0.03113
1671.11966	0.03176
1669.19115	0.03202
1667.26264	0.03203
1665.33413	0.03197
1663.40562	0.03169
1661.47711	0.03121
1659.54860	0.03114
1657.62009	0.03176
1655.69158	0.03235
1653.76307	0.03221
1651.83457	0.03149
1649.90606	0.03076
1647.97755	0.03069
1646.04904	0.03139
1644.12053	0.03218
1642.19202	0.03242
1640.26351	0.03212
1638.33500	0.03172
1636.40649	0.03168
1634.47798	0.03211
1632.54947	0.03245
1630.62096	0.03216
1628.69245	0.03150
1626.76394	0.03107
1624.83543	0.03108
1622.90692	0.03136
1620.97841	0.03169
1619.04990	0.03195
1617.12140	0.03211
1615.19289	0.03227
1613.26438	0.03260
1611.33587	0.03288
1609.40736	0.03286
1607.47885	0.03280
1605.55034	0.03293
1603.62183	0.03292
1601.69332	0.03257
1599.76481	0.03194
1597.83630	0.03135
1595.90779	0.03138
1593.97928	0.03215
1592.05077	0.03300
1590.12226	0.03329
1588.19375	0.03304
1586.26524	0.03249
1584.33673	0.03170
1582.40823	0.03107
1580.47972	0.03128
1578.55121	0.03230
1576.62270	0.03330
1574.69419	0.03365
1572.76568	0.03349
1570.83717	0.03302
1568.90866	0.03219
1566.98015	0.03134
1565.05164	0.03103
1563.12313	0.03136
1561.19462	0.03209
1559.26611	0.03286
1557.33760	0.03329
1555.40909	0.03343
1553.48058	0.03348
1551.55207	0.03333
1549.62356	0.03296
1547.69506	0.03271
1545.76655	0.03287
1543.83804	0.03344
1541.90953	0.03399
1539.98102	0.03404
1538.05251	0.03348
1536.12400	0.03284
1534.19549	0.03284
1532.26698	0.03331
1530.33847	0.03351
1528.40996	0.03332
1526.48145	0.03306
1524.55294	0.03284
1522.62443	0.03283
1520.69592	0.03319
1518.76741	0.03367
1516.83890	0.03372
1514.91039	0.03305
1512.98189	0.03173
1511.05338	0.03051
1509.12487	0.03022
1507.19636	0.03080
1505.26785	0.03169
1503.33934	0.03258
1501.41083	0.03310
1499.48232	0.03303
1497.55381	0.03282
1495.62530	0.03280
1493.69679	0.03251
1491.76828	0.03163
1489.83977	0.03101
1487.91126	0.03154
1485.98275	0.03261
1484.05424	0.03308
1482.12573	0.03266
1480.19722	0.03185
1478.26871	0.03115
1476.34021	0.03083
1474.41170	0.03086
1472.48319	0.03105
1470.55468	0.03119
1468.62617	0.03125
1466.69766	0.03141
1464.76915	0.03195
1462.84064	0.03280
1460.91213	0.03331
1458.98362	0.03311
1457.05511	0.03282
1455.12660	0.03311
1453.19809	0.03351
1451.26958	0.03326
1449.34107	0.03271
1447.41256	0.03240
1445.48405	0.03226
1443.55554	0.03238
1441.62704	0.03303
1439.69853	0.03367
1437.77002	0.03348
1435.84151	0.03255
1433.91300	0.03153
1431.98449	0.03093
1430.05598	0.03096
1428.12747	0.03145
1426.19896	0.03210
1424.27045	0.03268
1422.34194	0.03294
1420.41343	0.03274
1418.48492	0.03225
1416.55641	0.03172
1414.62790	0.03151
1412.69939	0.03185
1410.77088	0.03232
1408.84237	0.03223
1406.91387	0.03184
1404.98536	0.03204
1403.05685	0.03279
1401.12834	0.03321
1399.19983	0.03295
1397.27132	0.03260
1395.34281	0.03267
1393.41430	0.03294
1391.48579	0.03296
1389.55728	0.03279
1387.62877	0.03288
1385.70026	0.03324
1383.77175	0.03339
1381.84324	0.03304
1379.91473	0.03249
1377.98622	0.03229
1376.05771	0.03250
1374.12920	0.03254
1372.20070	0.03211
1370.27219	0.03167
1368.34368	0.03174
1366.41517	0.03217
1364.48666	0.03238
1362.55815	0.03228
1360.62964	0.03224
1358.70113	0.03234
1356.77262	0.03242
1354.84411	0.03245
1352.91560	0.03246
1350.98709	0.03238
1349.05858	0.03213
1347.13007	0.03179
1345.20156	0.03138
1343.27305	0.03084
1341.34454	0.03048
1339.41603	0.03062
1337.48753	0.03093
1335.55902	0.03105
1333.63051	0.03132
1331.70200	0.03193
1329.77349	0.03252
1327.84498	0.03282
1325.91647	0.03297
1323.98796	0.03321
1322.05945	0.03359
1320.13094	0.03364
1318.20243	0.03286
1316.27392	0.03197
1314.34541	0.03210
1312.41690	0.03287
1310.48839	0.03323
1308.55988	0.03334
1306.63137	0.03369
1304.70286	0.03372
1302.77436	0.03311
1300.84585	0.03268
1298.91734	0.03282
1296.98883	0.03275
1295.06032	0.03202
1293.13181	0.03114
1291.20330	0.03077
1289.27479	0.03080
1287.34628	0.03076
1285.41777	0.03076
1283.48926	0.03117
1281.56075	0.03152
1279.63224	0.03125
1277.70373	0.03079
1275.77522	0.03072
1273.84671	0.03109
1271.91820	0.03166
1269.98969	0.03210
1268.06119	0.03201
1266.13268	0.03158
1264.20417	0.03149
1262.27566	0.03184
1260.34715	0.03203
1258.41864	0.03169
1256.49013	0.03099
1254.56162	0.03019
1252.63311	0.02967
1250.70460	0.02970
1248.77609	0.03011
1246.84758	0.03037
1244.91907	0.03002
1242.99056	0.02911
1241.06205	0.02834
1239.13354	0.02829
1237.20503	0.02869
1235.27652	0.02916
1233.34802	0.02953
1231.41951	0.02943
1229.49100	0.02880
1227.56249	0.02837
1225.63398	0.02855
1223.70547	0.02890
1221.77696	0.02883
1219.84845	0.02855
1217.91994	0.02838
1215.99143	0.02791
1214.06292	0.02702
1212.13441	0.02658
1210.20590	0.02709
1208.27739	0.02782
1206.34888	0.02807
1204.42037	0.02792
1202.49186	0.02795
1200.56335	0.02841
1198.63484	0.02893
1196.70634	0.02890
1194.77783	0.02836
1192.84932	0.02793
1190.92081	0.02800
1188.99230	0.02835
1187.06379	0.02864
1185.13528	0.02873
1183.20677	0.02851
1181.27826	0.02790
1179.34975	0.02715
1177.42124	0.02665
1175.49273	0.02650
1173.56422	0.02665
1171.63571	0.02687
1169.70720	0.02690
1167.77869	0.02689
1165.85018	0.02710
1163.92167	0.02736
1161.99317	0.02733
1160.06466	0.02709
1158.13615	0.02707
1156.20764	0.02740
1154.27913	0.02753
1152.35062	0.02720
1150.42211	0.02678
1148.49360	0.02638
1146.56509	0.02592
1144.63658	0.02573
1142.70807	0.02589
1140.77956	0.02596
1138.85105	0.02572
1136.92254	0.02568
1134.99403	0.02608
1133.06552	0.02646
1131.13701	0.02660
1129.20850	0.02679
1127.28000	0.02712
1125.35149	0.02728
1123.42298	0.02713
1121.49447	0.02692
1119.56596	0.02699
1117.63745	0.02715
1115.70894	0.02709
1113.78043	0.02686
1111.85192	0.02652
1109.92341	0.02615
1107.99490	0.02608
1106.06639	0.02638
1104.13788	0.02666
1102.20937	0.02645
1100.28086	0.02591
1098.35235	0.02563
1096.42384	0.02576
1094.49533	0.02598
1092.56683	0.02617
1090.63832	0.02635
1088.70981	0.02617
1086.78130	0.02541
1084.85279	0.02472
1082.92428	0.02479
1080.99577	0.02542
1079.06726	0.02600
1077.13875	0.02611
1075.21024	0.02581
1073.28173	0.02552
1071.35322	0.02569
1069.42471	0.02631
1067.49620	0.02669
1065.56769	0.02613
1063.63918	0.02502
1061.71067	0.02449
1059.78216	0.02496
1057.85366	0.02583
1055.92515	0.02629
1053.99664	0.02615
1052.06813	0.02601
1050.13962	0.02610
1048.21111	0.02589
1046.28260	0.02533
1044.35409	0.02498
1042.42558	0.02495
1040.49707	0.02490
1038.56856	0.02470
1036.64005	0.02456
1034.71154	0.02474
1032.78303	0.02505
1030.85452	0.02504
1028.92601	0.02486
1026.99750	0.02483
1025.06899	0.02507
1023.14049	0.02553
1021.21198	0.02584
1019.28347	0.02549
1017.35496	0.02471
1015.42645	0.02425
1013.49794	0.02437
1011.56943	0.02473
1009.64092	0.02502
1007.71241	0.02530
1005.78390	0.02549
1003.85539	0.02515
1001.92688	0.02425
999.99837	0.02341
998.06986	0.02297
996.14135	0.02272
994.21284	0.02283
992.28433	0.02353
990.35582	0.02452
988.42732	0.02503
986.49881	0.02463
984.57030	0.02388
982.64179	0.02372
980.71328	0.02430
978.78477	0.02492
976.85626	0.02504
974.92775	0.02454
972.99924	0.02369
971.07073	0.02313
969.14222	0.02323
967.21371	0.02380
965.28520	0.02455
963.35669	0.02505
961.42818	0.02484
959.49967	0.02383
957.57116	0.02251
955.64265	0.02193
953.71415	0.02245
951.78564	0.02329
949.85713	0.02373
947.92862	0.02366
946.00011	0.02335
944.07160	0.02327
942.14309	0.02371
940.21458	0.02438
938.28607	0.02490
936.35756	0.02490
934.42905	0.02412
932.50054	0.02288
930.57203	0.02204
928.64352	0.02196
926.71501	0.02231
924.78650	0.02270
922.85799	0.02302
920.92948	0.02326
919.00097	0.02356
917.07247	0.02419
915.14396	0.02508
913.21545	0.02555
911.28694	0.02504
909.35843	0.02398
907.42992	0.02318
905.50141	0.02307
903.57290	0.02353
901.64439	0.02407
899.71588	0.02441
897.78737	0.02453
895.85886	0.02437
893.93035	0.02396
892.00184	0.02359
890.07333	0.02336
888.14482	0.02316
886.21631	0.02291
884.28780	0.02229
882.35930	0.02113
880.43079	0.02012
878.50228	0.02038
876.57377	0.02245
874.64526	0.02517
872.71675	0.02756
870.78824	0.02792
868.85973	0.02551
866.93122	0.02265
865.00271	0.02201
863.07420	0.02318
861.14569	0.02399
859.21718	0.02388
857.28867	0.02357
855.36016	0.02320
853.43165	0.02279
851.50314	0.02274
849.57463	0.02323
847.64613	0.02384
845.71762	0.02400
843.78911	0.02364
841.86060	0.02324
839.93209	0.02310
838.00358	0.02322
836.07507	0.02350
834.14656	0.02365
832.21805	0.02351
830.28954	0.02320
828.36103	0.02280
826.43252	0.02257
824.50401	0.02269
822.57550	0.02272
820.64699	0.02230
818.71848	0.02185
816.78997	0.02178
814.86146	0.02207
812.93296	0.02267
811.00445	0.02346
809.07594	0.02427
807.14743	0.02472
805.21892	0.02450
803.29041	0.02388
801.36190	0.02367
799.43339	0.02415
797.50488	0.02457
795.57637	0.02431
793.64786	0.02362
791.71935	0.02300
789.79084	0.02272
787.86233	0.02299
785.93382	0.02369
784.00531	0.02423
782.07680	0.02426
780.14829	0.02396
778.21979	0.02368
776.29128	0.02380
774.36277	0.02430
772.43426	0.02464
770.50575	0.02431
768.57724	0.02341
766.64873	0.02251
764.72022	0.02203
762.79171	0.02216
760.86320	0.02295
758.93469	0.02408
757.00618	0.02476
755.07767	0.02462
753.14916	0.02407
751.22065	0.02356
749.29214	0.02351
747.36363	0.02425
745.43512	0.02518
743.50662	0.02552
741.57811	0.02532
739.64960	0.02496
737.72109	0.02475
735.79258	0.02490
733.86407	0.02527
731.93556	0.02529
730.00705	0.02470
728.07854	0.02377
726.15003	0.02302
724.22152	0.02291
722.29301	0.02344
720.36450	0.02397
718.43599	0.02407
716.50748	0.02395
714.57897	0.02409
712.65046	0.02451
710.72195	0.02487
708.79345	0.02489
706.86494	0.02472
704.93643	0.02443
703.00792	0.02390
701.07941	0.02354
699.15090	0.02376
697.22239	0.02447
695.29388	0.02539
693.36537	0.02611
691.43686	0.02624
689.50835	0.02574
687.57984	0.02494
685.65133	0.02442
683.72282	0.02445
681.79431	0.02463
679.86580	0.02450
677.93729	0.02419
676.00878	0.02397
674.08028	0.02390
672.15177	0.02393
670.22326	0.02404
668.29475	0.02420
666.36624	0.02443
664.43773	0.02479
662.50922	0.02519
660.58071	0.02538
658.65220	0.02536
656.72369	0.02538
654.79518	0.02541
652.86667	0.02509
650.93816	0.02450
649.00965	0.02430
647.08114	0.02469
645.15263	0.02516
643.22412	0.02538
641.29561	0.02536
639.36710	0.02495
637.43860	0.02416
635.51009	0.02348
633.58158	0.02326
631.65307	0.02352
629.72456	0.02401
627.79605	0.02429
625.86754	0.02435
623.93903	0.02470
622.01052	0.02536
620.08201	0.02591
618.15350	0.02591
616.22499	0.02523
614.29648	0.02420
612.36797	0.02349
610.43946	0.02357
608.51095	0.02432
606.58244	0.02512
604.65393	0.02562
602.72543	0.02577
600.79692	0.02569
598.86841	0.02551
596.93990	0.02545
595.01139	0.02568
593.08288	0.02617
591.15437	0.02678
589.22586	0.02708
587.29735	0.02655
585.36884	0.02542
583.44033	0.02476
581.51182	0.02524
579.58331	0.02611
577.65480	0.02653
575.72629	0.02675
573.79778	0.02720
571.86927	0.02748
569.94076	0.02723
568.01226	0.02689
566.08375	0.02705
564.15524	0.02731
562.22673	0.02732
560.29822	0.02753
558.36971	0.02821
556.44120	0.02917
554.51269	0.02988
552.58418	0.02978
550.65567	0.02883
548.72716	0.02751
546.79865	0.02631
544.87014	0.02569
542.94163	0.02579
541.01312	0.02638
539.08461	0.02705
537.15610	0.02740
535.22759	0.02723
533.29909	0.02664
531.37058	0.02609
529.44207	0.02615
527.51356	0.02692
525.58505	0.02773
523.65654	0.02794
521.72803	0.02780
519.79952	0.02779
517.87101	0.02787
515.94250	0.02786
514.01399	0.02779
512.08548	0.02785
510.15697	0.02803
508.22846	0.02809
506.29995	0.02803
504.37144	0.02820
502.44293	0.02870
500.51442	0.02896
498.58592	0.02870
496.65741	0.02830
494.72890	0.02805
492.80039	0.02784
490.87188	0.02777
488.94337	0.02783
487.01486	0.02763
485.08635	0.02727
483.15784	0.02733
481.22933	0.02779
479.30082	0.02818
477.37231	0.02859
475.44380	0.02913
473.51529	0.02920
471.58678	0.02835
469.65827	0.02732
467.72976	0.02697
465.80125	0.02714
463.87275	0.02737
461.94424	0.02769
460.01573	0.02810
458.08722	0.02850
456.15871	0.02889
454.23020	0.02923
452.30169	0.02947
450.37318	0.02953
448.44467	0.02936
446.51616	0.02903
444.58765	0.02891
442.65914	0.02935
440.73063	0.03020
438.80212	0.03102
436.87361	0.03146
434.94510	0.03120
433.01659	0.03011
431.08808	0.02887
429.15958	0.02843
427.23107	0.02870
425.30256	0.02898
423.37405	0.02887
421.44554	0.02847
419.51703	0.02834
417.58852	0.02904
415.66001	0.03018
413.73150	0.03095
411.80299	0.03119
409.87448	0.03111
407.94597	0.03080
406.01746	0.03028
404.08895	0.02973
402.16044	0.02951
400.23193	0.03007
398.30342	0.03110
396.37491	0.03165
394.44641	0.03142
392.51790	0.03099
390.58939	0.03074
388.66088	0.03042
386.73237	0.03002
384.80386	0.02987
382.87535	0.02996
380.94684	0.03006
379.01833	0.03040
377.08982	0.03124
375.16131	0.03220
373.23280	0.03257
371.30429	0.03209
369.37578	0.03136
367.44727	0.03112
365.51876	0.03146
363.59025	0.03207
361.66174	0.03265
359.73323	0.03268
357.80473	0.03193
355.87622	0.03113
353.94771	0.03109
352.01920	0.03174
350.09069	0.03266
348.16218	0.03335
346.23367	0.03337
344.30516	0.03271
342.37665	0.03189
340.44814	0.03160
338.51963	0.03224
336.59112	0.03320
334.66261	0.03328
332.73410	0.03232
330.80559	0.03146
328.87708	0.03159
326.94857	0.03240
325.02006	0.03308
323.09156	0.03329
321.16305	0.03315
319.23454	0.03282
317.30603	0.03239
315.37752	0.03198
313.44901	0.03189
311.52050	0.03236
309.59199	0.03294
307.66348	0.03299
305.73497	0.03258
303.80646	0.03236
301.87795	0.03266
299.94944	0.03309
298.02093	0.03324
296.09242	0.03334
294.16391	0.03359
292.23540	0.03370
290.30689	0.03354
288.37839	0.03328
286.44988	0.03304
284.52137	0.03291
282.59286	0.03305
280.66435	0.03321
278.73584	0.03297
276.80733	0.03260
274.87882	0.03276
272.95031	0.03350
271.02180	0.03437
269.09329	0.03499
267.16478	0.03523
265.23627	0.03512
263.30776	0.03477
261.37925	0.03438
259.45074	0.03411
257.52223	0.03408
255.59372	0.03415
253.66522	0.03400
251.73671	0.03373
249.80820	0.03370
247.87969	0.03370
245.95118	0.03332
244.02267	0.03290
242.09416	0.03279
240.16565	0.03266
238.23714	0.03246
236.30863	0.03269
234.38012	0.03343
232.45161	0.03412
230.52310	0.03428
228.59459	0.03400
226.66608	0.03371
224.73757	0.03358
222.80906	0.03371
220.88055	0.03414
218.95205	0.03447
217.02354	0.03442
215.09503	0.03423
213.16652	0.03409
211.23801	0.03394
209.30950	0.03380
207.38099	0.03383
205.45248	0.03408
203.52397	0.03427
201.59546	0.03398
199.66695	0.03335
197.73844	0.03319
195.80993	0.03379
193.88142	0.03442
191.95291	0.03462
190.02440	0.03456
188.09589	0.03428
186.16738	0.03376
184.23888	0.03335
182.31037	0.03360
180.38186	0.03448
178.45335	0.03528
176.52484	0.03527
174.59633	0.03450
172.66782	0.03376
170.73931	0.03361
168.81080	0.03396
166.88229	0.03439
164.95378	0.03430
163.02527	0.03354
161.09676	0.03278
159.16825	0.03267
157.23974	0.03293
155.31123	0.03315
153.38272	0.03342
151.45421	0.03364
149.52571	0.03344
147.59720	0.03305
145.66869	0.03315
143.74018	0.03378
141.81167	0.03432
139.88316	0.03414
137.95465	0.03324
136.02614	0.03226
134.09763	0.03179
132.16912	0.03177
130.24061	0.03189
128.31210	0.03200
126.38359	0.03203
124.45508	0.03211
122.52657	0.03244
120.59806	0.03302
118.66955	0.03341
116.74104	0.03303
114.81254	0.03176
112.88403	0.03008
110.95552	0.02874
109.02701	0.02830
107.09850	0.02858
105.16999	0.02898
103.24148	0.02878
101.31297	0.02761
99.38446	0.02594
97.45595	0.02460
95.52744	0.02434
93.59893	0.02574
91.67042	0.02935
89.74191	0.03629
87.81340	0.04685
85.88489	0.05638
83.95638	0.05740
82.02787	0.04883
80.09936	0.03718
78.17086	0.02833
76.24235	0.02336
74.31384	0.02081
72.38533	0.01911
70.45682	0.01741
68.52831	0.01557
66.59980	0.01372
64.67129	0.01201
62.74278	0.01064
60.81427	0.00970
58.88576	0.00908
56.95725	0.00853
55.02874	0.00799
53.10023	0.00755
51.17172	0.00722
49.24321	0.00709
47.31470	0.00736
45.38619	0.00774
43.45769	0.00784
41.52918	0.00765
39.60067	0.00730
37.67216	0.00656
35.74365	0.00506
33.81514	0.00305
31.88663	0.00139
29.95812	0.00087
28.02961	0.00112
26.10110	0.00164
24.17259	0.00141
22.24408	0.00089
20.31557	0.00104
18.38706	0.00117
16.45855	0.00102
14.53004	0.00134
12.60153	0.00163
10.67302	0.00184
8.74452	0.00243
6.81601	0.01539
4.88750	0.06313
2.95899	0.13878
1.03048	0.17791
-0.89803	0.13543
-2.82654	0.05861
-4.75505	0.01273
-6.68356	0.00183
-8.61207	0.00130
-10.54058	0.00095
-12.46909	0.00110
-14.39760	0.00139
-16.32611	0.00139
-18.25462	0.00131
-20.18313	0.00138
-22.11164	0.00148
-24.04015	0.00205
-25.96865	0.00212
-27.89716	0.00152
-29.82567	0.00092
-31.75418	0.00081
-33.68269	0.00124
-35.61120	0.00184
-37.53971	0.00189
-39.46822	0.00133
-41.39673	0.00130
-43.32524	0.00149
-45.25375	0.00206
-47.18226	0.00195
-49.11077	0.00147
-51.03928	0.00139
-52.96779	0.00143
-54.89630	0.00126
-56.82481	0.00084
-58.75332	0.00060
-60.68182	0.00050
-62.61033	0.00129
-64.53884	0.00212
-66.46735	0.00243
-68.39586	0.00200
-70.32437	0.00137
-72.25288	0.00142
-74.18139	0.00146
-76.10990	0.00114
-78.03841	0.00076
-79.96692	0.00088
-81.89543	0.00128
-83.82394	0.00136
-85.75245	0.00082
-87.68096	0.00099
-89.60947	0.00147
-91.53798	0.00134
-93.46649	0.00069
-95.39499	0.00105
-97.32350	0.00158
-99.25201	0.00144
-101.18052	0.00103
-103.10903	0.00131
-105.03754	0.00089
-106.96605	0.00046
-108.89456	0.00088
-110.82307	0.00113
-112.75158	0.00160
-114.68009	0.00228
-116.60860	0.00305
-118.53711	0.00341
-120.46562	0.00339
-122.39413	0.00363
-124.32264	0.00448
-126.25115	0.00570
-128.17966	0.00675
-130.10816	0.00739
-132.03667	0.00753
-133.96518	0.00773
-135.89369	0.00871
-137.82220	0.01008
-139.75071	0.01087
-141.67922	0.01080
-143.60773	0.01027
-145.53624	0.00994
-147.46475	0.01015
-149.39326	0.01086
-151.32177	0.01187
-153.25028	0.01268
-155.17879	0.01292
-157.10730	0.01279
-159.03581	0.01265
-160.96432	0.01262
-162.89283	0.01274
-164.82133	0.01300
-166.74984	0.01336
-168.67835	0.01339
-170.60686	0.01269
-172.53537	0.01192
-174.46388	0.01211
-176.39239	0.01294
-178.32090	0.01336
-180.24941	0.01303
-182.17792	0.01238
-184.10643	0.01198
-186.03494	0.01202
-187.96345	0.01218
-189.89196	0.01229
-191.82047	0.01246
-193.74898	0.01251
-195.67749	0.01189
-197.60600	0.01091
-199.53451	0.01070
-201.46301	0.01143
-203.39152	0.01219
-205.32003	0.01251
-207.24854	0.01249
-209.17705	0.01240
-211.10556	0.01235
-213.03407	0.01229
-214.96258	0.01221
-216.89109	0.01213
-218.81960	0.01187
-220.74811	0.01148
-222.67662	0.01095
-224.60513	0.01013
-226.53364	0.00949
-228.46215	0.00963
-230.39066	0.01046
-232.31917	0.01132
-234.24768	0.01143
-236.17618	0.01080
-238.10469	0.01004
-240.03320	0.00947
-241.96171	0.00918
-243.89022	0.00936
-245.81873	0.00970
-247.74724	0.00950
-249.67575	0.00882
-251.60426	0.00859
-253.53277	0.00911
-255.46128	0.00966
-257.38979	0.00967
-259.31830	0.00938
-261.24681	0.00910
-263.17532	0.00884
-265.10383	0.00855
-267.03234	0.00839
-268.96085	0.00845
-270.88935	0.00862
-272.81786	0.00849
-274.74637	0.00798
-276.67488	0.00775
-278.60339	0.00829
-280.53190	0.00924
-282.46041	0.00966
-284.38892	0.00931
-286.31743	0.00875
-288.24594	0.00834
-290.17445	0.00815
-292.10296	0.00824
-294.03147	0.00856
-295.95998	0.00883
-297.88849	0.00873
-299.81700	0.00821
-301.74551	0.00771
-303.67402	0.00763
-305.60252	0.00770
-307.53103	0.00772
-309.45954	0.00768
-311.38805	0.00743
-313.31656	0.00702
-315.24507	0.00692
-317.17358	0.00733
-319.10209	0.00783
-321.03060	0.00805
-322.95911	0.00797
-324.88762	0.00761
-326.81613	0.00707
-328.74464	0.00669
-330.67315	0.00685
-332.60166	0.00739
-334.53017	0.00755
-336.45868	0.00680
-338.38719	0.00581
-340.31569	0.00573
-342.24420	0.00668
-344.17271	0.00751
-346.10122	0.00733
-348.02973	0.00649
-349.95824	0.00581
-351.88675	0.00527
-353.81526	0.00469
-355.74377	0.00466
-357.67228	0.00547
-359.60079	0.00626
-361.52930	0.00623
-363.45781	0.00566
-365.38632	0.00507
-367.31483	0.00447
-369.24334	0.00382
-371.17185	0.00343
-373.10036	0.00369
-375.02886	0.00428
-376.95737	0.00454
-378.88588	0.00430
-380.81439	0.00423
-382.74290	0.00463
-384.67141	0.00499
-386.59992	0.00504
-388.52843	0.00474
-390.45694	0.00410
-392.38545	0.00362
-394.31396	0.00368
-396.24247	0.00398
-398.17098	0.00400
-400.09949	0.00383
-402.02800	0.00369
-403.95651	0.00391
-405.88502	0.00445
-407.81353	0.00492
-409.74203	0.00508
-411.67054	0.00477
-413.59905	0.00427
-415.52756	0.00405
-417.45607	0.00414
-419.38458	0.00435
-421.31309	0.00452
-423.24160	0.00444
-425.17011	0.00421
-427.09862	0.00409
-429.02713	0.00406
-430.95564	0.00390
-432.88415	0.00360
-434.81266	0.00344
-436.74117	0.00334
-438.66968	0.00310
-440.59819	0.00291
-442.52670	0.00308
-444.45520	0.00361
-446.38371	0.00379
-448.31222	0.00339
-450.24073	0.00280
-452.16924	0.00239
-454.09775	0.00231
-456.02626	0.00245
-457.95477	0.00341
-459.88328	0.00411
-461.81179	0.00399
-463.74030	0.00343
-465.66881	0.00286
-467.59732	0.00269
-469.52583	0.00306
-471.45434	0.00332
-473.38285	0.00336
-475.31136	0.00342
-477.23987	0.00333
-479.16837	0.00306
-481.09688	0.00308
-483.02539	0.00363
-484.95390	0.00423
-486.88241	0.00439
-488.81092	0.00397
-490.73943	0.00311
-492.66794	0.00240
-494.59645	0.00249
-496.52496	0.00282
-498.45347	0.00287
-500.38198	0.00308
-502.31049	0.00345
-504.23900	0.00305
-506.16751	0.00227
-508.09602	0.00186
-510.02453	0.00172
-511.95304	0.00224
-513.88155	0.00265
-515.81005	0.00275
-517.73856	0.00292
-519.66707	0.00330
-521.59558	0.00346
-523.52409	0.00341
-525.45260	0.00333
-527.38111	0.00299
-529.30962	0.00227
-531.23813	0.00166
-533.16664	0.00136
-535.09515	0.00127
-537.02366	0.00156
-538.95217	0.00226
-540.88068	0.00281
-542.80919	0.00266
-544.73770	0.00216
-546.66621	0.00200
-548.59472	0.00212
-550.52322	0.00222
-552.45173	0.00212
-554.38024	0.00188
-556.30875	0.00166
-558.23726	0.00173
-560.16577	0.00182
-562.09428	0.00213
-564.02279	0.00262
-565.95130	0.00299
-567.87981	0.00322
-569.80832	0.00296
-571.73683	0.00191
-573.66534	0.00139
-575.59385	0.00174
-577.52236	0.00226
-579.45087	0.00243
-581.37938	0.00213
-583.30789	0.00184
-585.23639	0.00197
-587.16490	0.00213
-589.09341	0.00196
-591.02192	0.00164
-592.95043	0.00156
-594.87894	0.00138
-596.80745	0.00078
-598.73596	0.00057
-600.66447	0.00061
-602.59298	0.00067
-604.52149	0.00127
-606.45000	0.00192
-608.37851	0.00226
-610.30702	0.00225
-612.23553	0.00249
-614.16404	0.00274
-616.09255	0.00250
-618.02106	0.00197
-619.94956	0.00159
-621.87807	0.00164
-623.80658	0.00225
-625.73509	0.00312
-627.66360	0.00324
-629.59211	0.00253
-631.52062	0.00174
-633.44913	0.00145
-635.37764	0.00101
-637.30615	0.00070
-639.23466	0.00115
-641.16317	0.00149
-643.09168	0.00168
-645.02019	0.00176
-646.94870	0.00180
-648.87721	0.00187
-650.80572	0.00211
-652.73423	0.00251
-654.66273	0.00260
-656.59124	0.00208
-658.51975	0.00114
-660.44826	0.00053
-662.37677	0.00100
-664.30528	0.00115
-666.23379	0.00100
-668.16230	0.00123
-670.09081	0.00134
-672.01932	0.00097
-673.94783	0.00117
-675.87634	0.00170
-677.80485	0.00211
-679.73336	0.00178
-681.66187	0.00098
-683.59038	0.00035
-685.51889	0.00118
-687.44740	0.00113
-689.37590	0.00076
-691.30441	0.00110
-693.23292	0.00107
-695.16143	0.00079
-697.08994	0.00077
-699.01845	0.00116
-700.94696	0.00149
-702.87547	0.00197
-704.80398	0.00235
-706.73249	0.00213
-708.66100	0.00153
-710.58951	0.00144
-712.51802	0.00128
-714.44653	0.00110
-716.37504	0.00140
-718.30355	0.00183
-720.23206	0.00178
-722.16057	0.00135
-724.08907	0.00104
-726.01758	0.00087
-727.94609	0.00172
-729.87460	0.00205
-731.80311	0.00189
-733.73162	0.00178
-735.66013	0.00188
-737.58864	0.00206
-739.51715	0.00232
-741.44566	0.00270
-743.37417	0.00264
-745.30268	0.00186
-747.23119	0.00129
-749.15970	0.00138
-751.08821	0.00144
-753.01672	0.00143
-754.94523	0.00148
-756.87374	0.00141
-758.80224	0.00112
-760.73075	0.00083
-762.65926	0.00116
-764.58777	0.00115
-766.51628	0.00131
-768.44479	0.00189
-770.37330	0.00235
-772.30181	0.00210
-774.23032	0.00173
-776.15883	0.00162
-778.08734	0.00153
-780.01585	0.00154
-781.94436	0.00154
-783.87287	0.00139
-785.80138	0.00107
-787.72989	0.00096
-789.65840	0.00108
-791.58691	0.00129
-793.51542	0.00182
-795.44392	0.00210
-797.37243	0.00164
-799.30094	0.00103
